%# iteration evaluations sigma void void mean(1...dimension) (randomSeed=1453126985801, Mon Jan 18 15:23:05 CET 2016)

0 0 0.2 0 0 0.05 0.05 0.05 0.05 0.05 0.05 0.05 0.05 0.05 0.05 
1 10 0.18100398898548078 0 0 0.07578912828835399 0.1413896213904913 0.05127031726051265 -0.023992584338317788 0.04986945742717601 0.04548924221443481 0.10140759112898017 -0.016332805128098003 -0.16448816300854244 -0.01860821499262204 
2 20 0.16346099616204132 0 0 0.00917232803058934 0.14512004604025025 0.11423468966629557 -0.07227508152112788 0.11543093921366201 0.14573640738960433 0.05353806647875839 0.03249661724269215 -0.18774632504616978 0.00880724864890862 
3 30 0.1627649171958001 0 0 -0.1990394261108451 0.1207029463766383 0.024991167793206426 -0.1415560599235986 0.14883412892242603 0.07974207498046192 -0.052129350921798955 -0.07525167519508602 -0.09159139887780943 -0.1239211652616014 
4 40 0.14753625034630327 0 0 -0.1401062400709688 0.1417757250685524 0.026542041992267684 -0.039620135589191766 0.2501084640785292 0.02941762742488281 -0.02455471739386106 -0.003988420127325912 -0.04964376465521826 -0.07458421584277763 
7 70 0.11336021400192135 0 0 -0.17002756349819292 0.0768037292592579 -0.04306474669016891 0.0898045431501756 0.017539406875526856 0.0031752693156126156 -0.07965134915476545 0.06338306239665437 -0.03015249661080676 3.4045277246091163E-4 
10 100 0.07892296467933564 0 0 -0.10959113740104401 0.0041652814584773575 -0.0043039343195585755 0.0554443825753895 0.06493317444766358 0.02186509100537741 -0.02363932116430939 0.04822262165865392 0.048539354685728786 0.03828602154614537 
14 140 0.05780823172929115 0 0 -0.10963434550298184 0.023920062149140803 0.012889772887092785 -0.021296898207864758 0.03767007154346997 -0.009080878182139455 -0.007290737415055761 -0.020257178393577418 -0.0388462177307039 0.015396810083871068 
18 180 0.052106727719018205 0 0 0.0028732691300331135 -0.006034932926031141 -0.004193902813795506 0.051508109227379105 0.023259049792902393 0.010941934694500399 0.009806632076840774 0.04144622880206472 -0.017536560267643532 0.00421725522483884 
23 230 0.03687853897042323 0 0 0.03782162214306224 0.04936715803852765 0.013628159012302538 0.03844137465708427 0.02673885286706168 0.023293661522388282 -0.013428052154202423 -0.00372529659050727 0.012045826313952861 -0.018487748679291195 
28 280 0.02397631376243713 0 0 -0.01638304830215184 0.027628775266087823 0.016258592050986943 0.02059410946428007 0.006623139720302595 0.011720356747768059 0.010114388520516245 -4.746605208335922E-4 0.01599252815449998 -0.0011156779492430843 
34 340 0.01651502340865084 0 0 0.06760826686825631 0.04166087495494205 0.009620901407868528 0.016076185540029025 0.0012307009124776216 0.006517872425449451 0.006202651807095171 0.005489821768788693 0.02479715435723361 -0.005931098063233553 
40 400 0.02020796352408046 0 0 0.14917887131733157 0.04620318135286668 0.0037162741732229576 -4.432626787551897E-4 0.005342635692227765 0.0042608437231482915 0.007675270030865094 -0.00534450447667507 -0.0037626738474601483 0.006181755089180434 
47 470 0.022136224963266525 0 0 0.25873089060596854 0.06091285977931195 0.007266355158510822 0.030372166232036306 -0.008527232214372182 0.0029320299455673077 0.014051229937868701 0.0061325364143142245 0.015144814712710437 -0.0027908515030223104 
54 540 0.018867045514602252 0 0 0.30999496929007003 0.09160222674143265 0.023689452446498116 0.007111139289906223 0.004894423682810709 0.018421863394853622 0.01874083962455592 0.014270430776027895 -0.0012178467840750957 0.007108188201968163 
62 620 0.01945093370664574 0 0 0.37644170729276066 0.15132760504422865 0.04844883510595156 -0.010404408439577838 0.01876739079803063 -0.003166052621543936 0.008374163606307682 0.004248926471734636 0.011665991465107071 0.006247834735506265 
70 700 0.020974709621819094 0 0 0.44560289235097506 0.19160599972904582 0.04560909135352174 0.009975892648307548 0.017774630408421706 0.02835321560821911 0.02417574524427454 0.01152760894250408 0.01140035520520205 -0.001541964696547983 
79 790 0.014012331999639034 0 0 0.5180600214890515 0.2591471924823415 0.06311413757865882 0.002661032884103256 0.017583151324391477 0.008616438288948923 0.004223235189397729 0.009427052564559411 0.014544060091565449 0.002823897521541563 
88 880 0.02382383604541624 0 0 0.5838069700961759 0.3539680832766946 0.12087828576427574 0.028711526273940264 0.0166764310000952 0.0023475799590252167 0.020620141967854107 0.022259536151902508 0.020057097987627403 0.0013330684805523173 
98 980 0.025169440993315337 0 0 0.6711586269819426 0.44384804197072714 0.19636418879706877 0.03718687111680221 0.02844991614922906 0.0216137024726419 0.011390780658366175 0.020446832936879128 0.009336682257996748 0.016621325980739718 
108 1080 0.026085545410083823 0 0 0.7596000903690728 0.5740381284381122 0.3241722539662687 0.0949411401885937 -5.96278981871727E-4 0.004596404234622484 0.021966618303944734 0.011294864126480945 0.015292395114282892 0.01911417043894769 
119 1190 0.019137122237700383 0 0 0.7905945634076469 0.6204384376880059 0.3789416808804248 0.13151778148122198 0.021095781647541646 0.016177260121725573 0.01221318054963677 0.01431297211242459 0.020851430182188633 -0.0038551611054178283 
130 1300 0.022921560315402916 0 0 0.821798654128255 0.671496320969455 0.45232284013345947 0.19662503069218612 0.018026512663065816 0.004961757712536355 0.012532459650407803 -0.011864754918702718 0.019155433766262598 -0.005528294200042898 
142 1420 0.024516452802587886 0 0 0.854523287460309 0.7459598593102952 0.5375519364404423 0.2772592605783309 0.07911186544132301 0.018688899624249286 0.024189164625118092 0.015346183959783611 0.010804198789405786 -0.007611456904140276 
154 1540 0.01717507862983028 0 0 0.8703086551568666 0.7620601862457027 0.5755025817406425 0.3212318767471956 0.09492730013424935 0.02287267708691352 0.004016518981539531 0.011431675141596818 0.009462189099410625 -0.013127983852326 
167 1670 0.022665327544868247 0 0 0.8899645365921748 0.7964284987739316 0.6335001292316447 0.4063721168927953 0.1611240741756549 0.034368673028756444 -0.0025653066132336187 0.028984508147231268 0.014316023223423242 -0.0020412974893902532 
180 1800 0.020925776088538243 0 0 0.9201516123258413 0.8418519312174112 0.7039712381218284 0.4890761664976283 0.23299066367676102 0.0513881165716364 0.007104514658172268 0.03430449831341106 0.043240283610320056 0.004206270046146056 
194 1940 0.022061781190358145 0 0 0.9268646941259392 0.8653732739229324 0.7476345893658811 0.564763600681001 0.30225703267258797 0.0991375590390001 0.012210255877517624 0.020724948318314687 0.02094284149274088 -3.1024968656112974E-4 
208 2080 0.02695150061983985 0 0 0.9557110824030078 0.9091112148914534 0.8173611282365967 0.6571553516971629 0.4320121734986243 0.17346205096807812 0.036220380375439086 0.013748135653834018 0.012373897184716936 -0.013154998363509026 
223 2230 0.019661486332890894 0 0 0.95608086306419 0.9218009520799256 0.8571824708774548 0.7338264570016293 0.5368328324826361 0.27765187944604774 0.06529693992412341 0.017591050946526462 0.014095153890752556 -0.013141498296521578 
238 2380 0.01689207063217305 0 0 0.9733192607357847 0.9389371638587076 0.8751482134694881 0.7779334147024646 0.5960438075689398 0.3468162555627771 0.11436639913823751 0.0234369430876328 0.013711317736900609 -0.015148410379910441 
254 2540 0.01704747043726815 0 0 0.9761945312274146 0.9496974022646428 0.9076581886022009 0.8147032743225774 0.6622338552188668 0.43788473688090035 0.1886630873106163 0.03874050043606718 0.00973334695889968 -0.00946057688284595 
270 2700 0.025559662785419004 0 0 0.9843301371208074 0.97172895899511 0.9344177259417099 0.8694839009338066 0.7421447276916259 0.556855700468518 0.29757078795367076 0.09473749899222512 0.021346953651604113 -0.004233613011696564 
287 2870 0.02149394724464178 0 0 0.9892364329457422 0.981927537284147 0.952119492484736 0.905076182476231 0.8236488442698805 0.6759296222431336 0.4494943975084531 0.18171573038309713 0.033435590622575534 0.0012494553025114395 
304 3040 0.03612409487418386 0 0 0.9916823339611833 0.9826492045255979 0.9593202663005692 0.9247665022526831 0.8602702385235212 0.7416214681648248 0.5506902263970275 0.30072604244815204 0.09017557769267923 0.008181861955801194 
322 3220 0.03098225344339524 0 0 0.9889170984078007 0.979019847531394 0.9767936711552905 0.95485813411206 0.9001148419177395 0.8192743021996588 0.675535345193096 0.44616193714714414 0.17890205546204296 0.032420728354069554 
340 3400 0.021983995312533366 0 0 0.9969344016867453 0.9893481009944484 0.9808026162057442 0.956944967906093 0.9277499852762597 0.8537655938311839 0.7203534559074869 0.5270059776719055 0.2684980376132268 0.06143160857132398 
359 3590 0.018214234330852296 0 0 0.9985264926066104 0.998490437590108 0.9865900472223688 0.9686028837759307 0.9400367778131349 0.8794524520921299 0.7716581993761074 0.5889177046593366 0.3418361623003475 0.1002368774240003 
378 3780 0.01688351202269608 0 0 0.9973558757768894 0.9924727912228972 0.9814648220173048 0.9676462545143303 0.9411589762628649 0.8910942125045441 0.7946303910227388 0.6337333070864813 0.3935074546517693 0.14026791412912082 
398 3980 0.020097157992855177 0 0 0.9962357292701998 0.9915477051600284 0.986189249855817 0.9756350212528956 0.9592152132217536 0.9157868222851304 0.8367328465611017 0.6956621930317559 0.47854442146387083 0.21577438068916813 
418 4180 0.03181396303812616 0 0 1.0009316702646625 0.9998637699133274 0.9942141197553388 0.9914751137419363 0.9769079830265484 0.9480743275280689 0.8929537713271656 0.7933827224942778 0.6234477368528836 0.3761998480505834 
439 4390 0.029540632432382377 0 0 1.0055171349999403 0.9972897556498069 0.994818871958323 0.9927792125084157 0.9871381792776998 0.9642539400669011 0.9243046143888428 0.8539514022790688 0.7264545362697803 0.5252758515751399 
460 4600 0.023597737615741642 0 0 1.0001343449630002 0.9986995908477845 0.9962451703161949 0.9956259910982077 0.9942968324122007 0.9868171929897552 0.9642186014783084 0.9233130759234447 0.8536187769316487 0.7240617027612942 
482 4820 0.00832359333013039 0 0 1.0002064666888626 1.0004477440741246 0.9988915105273962 0.996251181312382 0.9927933592107494 0.9869235450310881 0.9754449598169778 0.9519292460999189 0.9036779426619163 0.8153123456610922 
504 5040 0.005001942393819817 0 0 0.9999358941473638 0.9999443920460227 0.9988830770286393 0.9970844982240219 0.9957608991248104 0.9910638881137069 0.981882159030955 0.9645408489666644 0.9308990688021057 0.8656880564575604 
527 5270 0.008372446672371369 0 0 0.9992786947718897 0.9995944090233235 0.999842348452645 0.999826391562214 0.998318899022354 0.9971436895508564 0.9954294134735843 0.9919771899536637 0.984542754669715 0.9681020014580823 
550 5500 0.002868323806737411 0 0 0.9999895674565276 1.0000404468918305 1.0002185260049543 1.0002321622526746 0.9999845029957201 1.0000054973267112 0.9994591952105872 0.9992961917945333 0.998309185319466 0.9966304094631998 
574 5740 5.309567911942574E-4 0 0 0.9999999472055211 1.0000087190963183 1.0000496918528228 1.0000469380309331 1.0000611290122712 1.0001398331872635 1.00016617806119 1.0002696147533774 1.0005471661935967 1.0011268463107212 
598 5980 1.6116340228801567E-4 0 0 0.9999988486378634 0.9999990283168194 1.0000040399491918 0.999998022810102 0.9999985563756246 1.0000126405564387 1.0000164095825836 0.9999904874748229 0.9999813003556548 0.999966362651607 
623 6230 3.0829718292751497E-5 0 0 1.0000002170574678 0.9999998682721867 0.9999990399478877 0.9999985390341127 0.9999987368770751 0.9999992479886075 0.9999995240756162 0.9999994455640239 0.9999946829604609 0.9999937807471805 
648 6480 5.286128295786851E-6 0 0 1.0000000773834616 0.999999830468307 0.9999997364893011 1.0000000210901705 1.000000165018176 1.0000003174635426 1.0000005968873966 1.0000013380937802 1.0000028770465705 1.0000058665057157 
674 6740 1.7538258573124496E-6 0 0 0.9999999567552849 0.9999999746840166 0.9999999456705867 0.9999999985326141 0.9999999494672133 0.9999998169172126 0.9999996318273098 0.9999991740677547 0.9999984286882183 0.9999969211853145 
700 7000 3.632050104525865E-7 0 0 1.0000000040477997 0.9999999999580064 1.0000000072613158 1.0000000042697497 0.9999999944843614 0.9999999803685392 0.9999999718561029 0.9999999385172046 0.9999999030933541 0.9999997955576555 
723 7231 8.232124765970645E-8 0 0 0.9999999997892475 0.9999999994616089 1.0000000006618373 1.0000000015931343 1.0000000038928456 1.0000000038263623 1.0000000077839084 1.0000000151251338 1.0000000296380844 1.0000000588715898 
